# QGIS Generated Color Map Export File
INTERPOLATION:DISCRETE
0,232,238,225,255,<= 0
0.368,229,235,221,255,0 - 0.368
0.663,226,231,216,255,0.368 - 0.663
0.737,223,227,211,255,0.663 - 0.737
1.03,220,223,207,255,0.737 - 1.03
1.25,217,219,202,255,1.03 - 1.25
1.4,214,216,198,255,1.25 - 1.4
1.69,211,212,193,255,1.4 - 1.69
1.69,208,208,188,255,1.69 - 1.69
1.99,205,204,184,255,1.69 - 1.99
2.14,202,200,179,255,1.99 - 2.14
2.36,199,197,174,255,2.14 - 2.36
2.65,196,193,170,255,2.36 - 2.65
2.8,193,189,165,255,2.65 - 2.8
3.02,190,185,161,255,2.8 - 3.02
3.31,186,181,156,255,3.02 - 3.31
3.54,183,178,151,255,3.31 - 3.54
3.83,180,174,147,255,3.54 - 3.83
4.05,177,170,142,255,3.83 - 4.05
4.42,174,166,137,255,4.05 - 4.42
4.71,171,162,133,255,4.42 - 4.71
5.08,168,159,128,255,4.71 - 5.08
5.38,165,155,123,255,5.08 - 5.38
5.75,162,151,119,255,5.38 - 5.75
6.19,159,147,114,255,5.75 - 6.19
6.7,156,143,110,255,6.19 - 6.7
7.15,153,139,107,255,6.7 - 7.15
7.73,149,135,104,255,7.15 - 7.73
8.25,146,132,101,255,7.73 - 8.25
8.84,143,128,97,255,8.25 - 8.84
9.43,139,124,94,255,8.84 - 9.43
10.2,136,120,91,255,9.43 - 10.2
10.9,133,116,87,255,10.2 - 10.9
11.7,129,112,84,255,10.9 - 11.7
12.6,126,108,81,255,11.7 - 12.6
13.6,123,104,77,255,12.6 - 13.6
14.6,119,100,74,255,13.6 - 14.6
15.7,116,96,71,255,14.6 - 15.7
17,112,92,67,255,15.7 - 17
18.4,109,88,64,255,17 - 18.4
19.7,106,84,61,255,18.4 - 19.7
21.1,102,80,57,255,19.7 - 21.1
22.8,99,76,54,255,21.1 - 22.8
24.6,96,72,51,255,22.8 - 24.6
26.9,92,69,47,255,24.6 - 26.9
29.5,89,65,44,255,26.9 - 29.5
32.9,86,61,41,255,29.5 - 32.9
37.2,82,57,38,255,32.9 - 37.2
43.6,79,53,34,255,37.2 - 43.6
inf,76,49,31,255,> 43.6
