# QGIS Generated Color Map Export File
INTERPOLATION:INTERPOLATED
0,1,133,113,255,1090
1281,14,140,121,255,1281
1284,27,148,129,255,1284
1293,40,155,138,255,1293
1311,53,163,146,255,1311
1357,66,170,154,255,1357
1390,79,178,162,255,1390
1416,92,185,171,255,1416
1443,105,192,179,255,1443
1469,118,200,187,255,1469
1498,131,206,195,255,1498
1528,143,210,200,255,1528
1548,155,215,205,255,1548
1569,167,219,211,255,1569
1589,179,223,216,255,1589
1610,191,227,221,255,1610
1636,203,231,227,255,1636
1663,215,235,232,255,1663
1689,227,239,237,255,1689
1721,239,243,243,255,1721
1754,244,243,239,255,1754
1789,242,238,227,255,1789
1818,240,232,215,255,1818
1850,238,227,202,255,1850
1886,235,222,190,255,1886
1927,233,217,178,255,1927
1968,231,211,165,255,1968
2012,228,206,153,255,2012
2059,226,201,140,255,2059
2100,224,196,128,255,2100
2150,219,187,117,255,2150
2205,213,177,107,255,2205
2267,207,167,97,255,2267
2335,201,157,87,255,2335
2408,195,147,77,255,2408
2493,190,137,66,255,2493
2628,184,127,56,255,2628
2801,178,117,46,255,2801
3080,172,107,36,255,3080
4022,166,97,26,255,4022
