# QGIS Generated Color Map Export File
INTERPOLATION:INTERPOLATED
0,5,5,5,255,0
2.53,7,7,7,255,2.53
5.05,9,9,9,255,5.05
7.58,12,12,12,255,7.58
10.1,14,14,14,255,10.1
12.6,17,17,17,255,12.6
15.2,19,19,19,255,15.2
17.7,22,22,22,255,17.7
20.2,24,24,24,255,20.2
22.7,27,27,27,255,22.7
25.3,29,29,29,255,25.3
27.8,32,32,32,255,27.8
30.3,34,34,34,255,30.3
32.8,37,37,37,255,32.8
35.4,39,39,39,255,35.4
37.9,42,42,42,255,37.9
40.4,44,44,44,255,40.4
42.9,47,47,47,255,42.9
45.5,49,49,49,255,45.5
48,52,52,52,255,48
50.5,54,54,54,255,50.5
53,57,57,57,255,53
55.6,59,59,59,255,55.6
58.1,62,62,62,255,58.1
60.6,64,64,64,255,60.6
63.1,67,67,67,255,63.1
65.7,69,69,69,255,65.7
68.2,72,72,72,255,68.2
70.7,74,74,74,255,70.7
73.2,77,77,77,255,73.2
75.8,79,79,79,255,75.8
78.3,82,82,82,255,78.3
80.8,84,84,84,255,80.8
83.3,87,87,87,255,83.3
85.9,89,89,89,255,85.9
88.4,91,91,91,255,88.4
90.9,94,94,94,255,90.9
93.4,96,96,96,255,93.4
96,99,99,99,255,96
98.5,101,101,101,255,98.5
101,104,104,104,255,101
104,106,106,106,255,104
106,109,109,109,255,106
109,111,111,111,255,109
111,114,114,114,255,111
114,116,116,116,255,114
116,119,119,119,255,116
119,121,121,121,255,119
121,124,124,124,255,121
124,126,126,126,255,124
126,129,129,129,255,126
129,131,131,131,255,129
131,134,134,134,255,131
134,136,136,136,255,134
136,139,139,139,255,136
139,141,141,141,255,139
141,144,144,144,255,141
144,146,146,146,255,144
146,149,149,149,255,146
149,151,151,151,255,149
152,154,154,154,255,152
154,156,156,156,255,154
157,159,159,159,255,157
159,161,161,161,255,159
162,164,164,164,255,162
164,166,166,166,255,164
167,168,168,168,255,167
169,171,171,171,255,169
172,173,173,173,255,172
174,176,176,176,255,174
177,178,178,178,255,177
179,181,181,181,255,179
182,183,183,183,255,182
184,186,186,186,255,184
187,188,188,188,255,187
189,191,191,191,255,189
192,193,193,193,255,192
194,196,196,196,255,194
197,198,198,198,255,197
199,201,201,201,255,199
202,203,203,203,255,202
205,206,206,206,255,205
207,208,208,208,255,207
210,211,211,211,255,210
212,213,213,213,255,212
215,216,216,216,255,215
217,218,218,218,255,217
220,221,221,221,255,220
222,223,223,223,255,222
225,226,226,226,255,225
227,228,228,228,255,227
230,231,231,231,255,230
232,233,233,233,255,232
235,236,236,236,255,235
237,238,238,238,255,237
240,241,241,241,255,240
242,243,243,243,255,242
245,246,246,246,255,245
247,248,248,248,255,247
250,250,250,250,255,250
