# QGIS Generated Color Map Export File
INTERPOLATION:INTERPOLATED
2.46,255,255,255,255,2.46
4.32,255,255,252,255,4.32
4.6,254,254,249,255,4.6
4.8,253,253,246,255,4.8
4.97,252,252,243,255,4.97
5.13,251,251,240,255,5.13
5.25,250,250,237,255,5.25
5.39,249,249,234,255,5.39
5.51,248,248,231,255,5.51
5.63,247,247,228,255,5.63
5.75,246,246,225,255,5.75
5.87,245,246,222,255,5.87
5.97,244,245,219,255,5.97
6.09,236,242,217,255,6.09
6.19,226,239,215,255,6.19
6.29,217,235,214,255,6.29
6.41,207,232,212,255,6.41
6.51,197,229,210,255,6.51
6.63,187,226,208,255,6.63
6.73,177,222,206,255,6.73
6.85,167,219,204,255,6.85
6.93,157,216,203,255,6.93
7.03,148,212,201,255,7.03
7.15,138,209,199,255,7.15
7.27,128,206,197,255,7.27
7.39,121,203,197,255,7.39
7.45,116,199,197,255,7.45
7.6,112,196,197,255,7.6
7.72,107,192,198,255,7.72
7.9,102,189,198,255,7.9
8.12,98,185,199,255,8.12
8.34,93,182,199,255,8.34
8.52,89,178,200,255,8.52
8.62,84,175,200,255,8.62
8.88,79,172,201,255,8.88
9.18,75,168,201,255,9.18
9.44,70,165,202,255,9.44
9.78,66,161,201,255,9.78
10.1,62,155,196,255,10.1
10.3,58,149,191,255,10.3
10.7,54,143,186,255,10.7
11,51,138,180,255,11
11.4,47,132,175,255,11.4
11.9,43,126,170,255,11.9
12.2,39,120,165,255,12.2
12.8,35,115,160,255,12.8
13.3,32,109,155,255,13.3
14,28,103,149,255,14
15.2,24,97,144,255,15.2
22.4,20,92,139,255,22.4
