# QGIS Generated Color Map Export File
INTERPOLATION:INTERPOLATED
0,255,255,243,255,0
3.64,253,252,239,255,3.64
7.27,250,249,234,255,7.27
10.9,248,245,229,255,10.9
14.5,245,242,225,255,14.5
18.2,243,238,220,255,18.2
21.8,240,235,215,255,21.8
25.5,237,232,211,255,25.5
29.1,235,228,206,255,29.1
32.7,232,225,201,255,32.7
36.4,230,222,196,255,36.4
40,227,218,192,255,40
43.6,225,215,187,255,43.6
47.3,222,212,182,255,47.3
50.9,219,208,178,255,50.9
54.5,217,205,173,255,54.5
58.2,214,201,168,255,58.2
61.8,212,198,164,255,61.8
65.5,209,195,159,255,65.5
69.1,207,191,154,255,69.1
72.7,204,188,150,255,72.7
76.4,201,185,145,255,76.4
80,199,181,140,255,80
83.6,196,178,135,255,83.6
87.3,194,175,131,255,87.3
90.9,191,171,126,255,90.9
94.5,188,168,121,255,94.5
98.2,186,164,117,255,98.2
102,183,161,112,255,102
105,181,158,107,255,105
109,178,154,103,255,109
113,176,151,98,255,113
116,173,148,93,255,116
120,170,144,88,255,120
124,168,141,84,255,124
127,165,138,79,255,127
131,163,134,74,255,131
135,160,131,70,255,135
138,158,127,65,255,138
142,155,124,60,255,142
145,152,121,56,255,145
149,150,117,51,255,149
153,147,114,46,255,153
156,145,111,42,255,156
160,142,107,37,255,160
164,139,104,32,255,164
167,137,101,27,255,167
171,134,97,23,255,171
175,136,99,26,255,175
178,138,102,30,255,178
182,141,105,34,255,182
185,143,108,39,255,185
189,145,111,43,255,189
193,148,114,47,255,193
196,150,117,52,255,196
200,152,120,56,255,200
204,155,123,60,255,204
207,157,126,64,255,207
211,159,129,69,255,211
215,162,132,73,255,215
218,164,135,77,255,218
222,167,138,81,255,222
225,169,141,86,255,225
229,171,144,90,255,229
233,174,147,94,255,233
236,176,150,98,255,236
240,178,153,103,255,240
244,181,156,107,255,244
247,183,159,111,255,247
251,185,162,116,255,251
255,188,165,120,255,255
258,190,168,124,255,258
262,192,171,128,255,262
265,195,174,133,255,265
269,197,177,137,255,269
273,199,180,141,255,273
276,202,183,145,255,276
280,204,186,150,255,280
284,206,189,154,255,284
287,209,192,158,255,287
291,211,195,162,255,291
295,213,198,167,255,295
298,216,201,171,255,298
302,218,204,175,255,302
305,220,207,179,255,305
309,223,210,184,255,309
313,225,213,188,255,313
316,227,216,192,255,316
320,230,219,197,255,320
324,232,222,201,255,324
327,234,225,205,255,327
331,237,228,209,255,331
335,239,231,214,255,335
338,241,234,218,255,338
342,244,237,222,255,342
345,246,240,226,255,345
349,248,243,231,255,349
353,251,246,235,255,353
356,253,249,239,255,356
360,255,252,243,255,360
